E 0 0 -7
V 0 0 1
F 60
R 512 512
M 0.0 0.0 0.0 0.75 0.75 0.75 15.0 0.25 0.2 2.0
S 0.0 -2.3 1.0 0.7
S -0.5 -2.3 3.0 0.7
S 0.5 -2.3 -1.0 0.7
M 1.0 1.0 1.0 0.7 0.2 0.1 15.0 0 0 2.0
T -3 -3 3 -2 -3 3 -3 -3 2
T -2 -3 2 -2 -3 3 -3 -3 2 
M 0.0 0.0 0.0 0.7 0.2 0.1 15.0 0 0 2.0
T -2 -3 3 -1 -3 3 -2 -3 2
T -1 -3 2 -1 -3 3 -2 -3 2
M 1.0 1.0 1.0 0.7 0.2 0.1 15.0 0 0 2.0
T -1 -3 3 0 -3 3 -1 -3 2
T 0 -3 2 0 -3 3 -1 -3 2
M 0.0 0.0 0.0 0.7 0.2 0.1 15.0 0 0 2.0
T 0 -3 3 1 -3 3 0 -3 2
T 1 -3 2 1 -3 3 0 -3 2
M 1.0 1.0 1.0 0.7 0.2 0.1 15.0 0 0 2.0
T 1 -3 3 2 -3 3 1 -3 2
T 2 -3 2 2 -3 3 1 -3 2
M 0.0 0.0 0.0 0.7 0.2 0.1 15.0 0 0 2.0
T 2 -3 3 3 -3 3 2 -3 2
T 3 -3 2 3 -3 3 2 -3 2
M 0.0 0.0 0.0 0.7 0.2 0.1 15.0 0 0 2.0
T -3 -3 2 -2 -3 2 -3 -3 1
T -2 -3 1 -2 -3 2 -3 -3 1 
M 1.0 1.0 1.0 0.7 0.2 0.1 15.0 0 0 2.0
T -2 -3 2 -1 -3 2 -2 -3 1
T -1 -3 1 -1 -3 2 -2 -3 1
M 0.0 0.0 0.0 0.7 0.2 0.1 15.0 0 0 2.0
T -1 -3 2 0 -3 2 -1 -3 1
T 0 -3 1 0 -3 2 -1 -3 1
M 1.0 1.0 1.0 0.7 0.2 0.1 15.0 0 0 2.0
T 0 -3 2 1 -3 2 0 -3 1
T 1 -3 1 1 -3 2 0 -3 1
M 0.0 0.0 0.0 0.7 0.2 0.1 15.0 0 0 2.0
T 1 -3 2 2 -3 2 1 -3 1
T 2 -3 1 2 -3 2 1 -3 1
M 1.0 1.0 1.0 0.7 0.2 0.1 15.0 0 0 2.0
T 2 -3 2 3 -3 2 2 -3 1
T 3 -3 1 3 -3 2 2 -3 1
M 1.0 1.0 1.0 0.7 0.2 0.1 15.0 0 0 2.0
T -3 -3 1 -2 -3 1 -3 -3 0
T -2 -3 0 -2 -3 1 -3 -3 0 
M 0.0 0.0 0.0 0.7 0.2 0.1 15.0 0 0 2.0
T -2 -3 1 -1 -3 1 -2 -3 0
T -1 -3 0 -1 -3 1 -2 -3 0
M 1.0 1.0 1.0 0.7 0.2 0.1 15.0 0 0 2.0
T -1 -3 1 0 -3 1 -1 -3 0
T 0 -3 0 0 -3 1 -1 -3 0
M 0.0 0.0 0.0 0.7 0.2 0.1 15.0 0 0 2.0
T 0 -3 1 1 -3 1 0 -3 0
T 1 -3 0 1 -3 1 0 -3 0
M 1.0 1.0 1.0 0.7 0.2 0.1 15.0 0 0 2.0
T 1 -3 1 2 -3 1 1 -3 0
T 2 -3 0 2 -3 1 1 -3 0
M 0.0 0.0 0.0 0.7 0.2 0.1 15.0 0 0 2.0
T 2 -3 1 3 -3 1 2 -3 0
T 3 -3 0 3 -3 1 2 -3 0
M 0.0 0.0 0.0 0.7 0.2 0.1 15.0 0 0 2.0
T -3 -3 0 -2 -3 0 -3 -3 -1
T -2 -3 -1 -2 -3 0 -3 -3 -1 
M 1.0 1.0 1.0 0.7 0.2 0.1 15.0 0 0 2.0
T -2 -3 0 -1 -3 0 -2 -3 -1
T -1 -3 -1 -1 -3 0 -2 -3 -1
M 0.0 0.0 0.0 0.7 0.2 0.1 15.0 0 0 2.0
T -1 -3 0 0 -3 0 -1 -3 -1
T 0 -3 -1 0 -3 0 -1 -3 -1
M 1.0 1.0 1.0 0.7 0.2 0.1 15.0 0 0 2.0
T 0 -3 0 1 -3 0 0 -3 -1
T 1 -3 -1 1 -3 0 0 -3 -1
M 0.0 0.0 0.0 0.7 0.2 0.1 15.0 0 0 2.0
T 1 -3 0 2 -3 0 1 -3 -1
T 2 -3 -1 2 -3 0 1 -3 -1
M 1.0 1.0 1.0 0.7 0.2 0.1 15.0 0 0 2.0
T 2 -3 0 3 -3 0 2 -3 -1
T 3 -3 -1 3 -3 0 2 -3 -1
T 2 -3 1 3 -3 1 2 -3 0
T 3 -3 0 3 -3 1 2 -3 0
M 1.0 1.0 1.0 0.7 0.2 0.1 15.0 0 0 2.0
T -3 -3 -1 -2 -3 -1 -3 -3 -2
T -2 -3 -2 -2 -3 -1 -3 -3 -2
M 0.0 0.0 0.0 0.7 0.2 0.1 15.0 0 0 2.0
T -2 -3 -1 -1 -3 -1 -2 -3 -2
T -1 -3 -2 -1 -3 -1 -2 -3 -2
M 1.0 1.0 1.0 0.7 0.2 0.1 15.0 0 0 2.0
T -1 -3 -1 0 -3 -1 -1 -3 -2
T 0 -3 -2 0 -3 -1 -1 -3 -2
M 0.0 0.0 0.0 0.7 0.2 0.1 15.0 0 0 2.0
T 0 -3 -1 1 -3 -1 0 -3 -2
T 1 -3 -2 1 -3 -1 0 -3 -2
M 1.0 1.0 1.0 0.7 0.2 0.1 15.0 0 0 2.0
T 1 -3 -1 2 -3 -1 1 -3 -2
T 2 -3 -2 2 -3 -1 1 -3 -2
M 0.0 0.0 0.0 0.7 0.2 0.1 15.0 0 0 2.0
T 2 -3 -1 3 -3 -1 2 -3 -2
T 3 -3 -2 3 -3 -1 2 -3 -2
L 3.0 3.0 -1.0