E 0 0 -5
V 0 0 1
F 60
R 512 512
M 0.8 0.7 0.6 0.7 0.2 0.1 15.0 0.2 0.2 2.0
S 0.2 0.0 1.0 0.7
S -0.5 0.0 3.0 0.7
S 0.5 0.0 -1.0 0.6
M 0.8 0.8 0.8 0.7 0.2 0.1 15.0 0.2 0.2 2.0
T -3.0 -3.0 -3.0 -3.0 -3.0 3.0 3.0 -3.0 3.0 
T -3.0 -3.0 -3.0 3.0 -3.0 -3.0 3.0 -3.0 3.0 
M 0.8 0.0 0.0 0.7 0.2 0.1 15.0 0.2 0.2 2.0
T 3.0 -3.0 3.0 -3.0 -3.0 3.0 3.0 3.0 3.0
T -3.0 3.0 3.0 -3.0 -3.0 3.0 3.0 3.0 3.0 
M 0.0 0.8 0.0 0.7 0.2 0.1 15.0 0.2 0.2 2.0
T -3.0 -3.0 3.0 -3.0 -3.0 -3.0 -3.0 3.0 3.0 
T -3.0 3.0 -3.0 -3.0 -3.0 -3.0 -3.0 3.0 3.0 
M 0.0 0.0 0.8 0.7 0.2 0.1 15.0 0.2 0.2 2.0
T 3.0 -3.0 3.0 3.0 -3.0 -3.0 3.0 3.0 3.0 
T 3.0 3.0 -3.0 3.0 -3.0 -3.0 3.0 3.0 3.0 
L 3.0 3.0 -1.0